8.23 6.47 0
64.82 7.83 0
14.56 16.21 0
61.34 18.49 0
10.29 28.63 0
66.17 31.42 0
17.88 39.56 0
63.92 37.75 0
12.67 48.29 0
68.38 47.62 0
38.24 13.86 0
43.57 23.45 0
41.78 42.31 0
33.83 53.18 0
49.91 55.29 0
28.37 26.46 0
46.62 29.73 0
18.25 56.33 0
67.42 16.68 0
66.19 57.64 0
12.36 13.89 0
67.27 12.45 0
12.14 58.86 0
34.83 21.72 0
29.59 44.67 0
64.46 59.12 0
20.82 61.94 0
67.73 40.86 0
40.47 58.28 0
25.76 11.35 0
52.82 10.17 0
22.43 35.54 0
50.29 47.36 0
31.15 63.73 0
46.85 65.22 0
8.89 21.48 0
68.34 25.61 0
7.56 50.27 0
67.91 54.75 0
55.35 31.79 0
21.46 49.23 0
58.12 65.34 0
25.78 67.45 0
51.99 67.12 0
36.33 67.66 0
63.01 63.01 0
9.67 9.89 0
68.12 8.23 0
15.88 43.56 0
45.67 60.34 0