5.73 5.24 0
53.46 6.82 0
10.28 12.67 0
49.35 14.19 0
6.12 24.38 0
52.17 26.55 0
9.84 34.72 0
48.93 32.88 0
8.55 44.16 0
55.38 42.77 0
31.24 8.93 0
36.57 17.84 0
29.46 27.35 0
34.78 36.42 0
26.83 46.18 0
42.91 48.29 0
21.37 19.46 0
39.62 22.73 0
11.25 49.33 0
57.42 11.68 0
58.19 52.64 0
7.36 7.89 0
58.27 7.45 0
7.14 53.86 0
27.83 15.72 0
22.59 38.67 0
51.46 54.12 0
13.82 55.94 0
54.73 35.86 0
33.47 51.28 0
18.76 6.35 0
45.82 5.17 0
15.43 29.54 0
43.29 41.36 0
24.15 56.73 0
39.85 58.22 0
2.89 16.48 0
59.34 20.61 0
1.56 45.27 0
56.91 49.75 0